417466507
417463310
417643773
417119268
417125563
417468749
417746830
417777873
417829425
417837177
417841933
417850275
417868104
418387152
418387153
418387154
418388180
418389045
418390110
418390119
418390122
418396382
418397558
418397559
418399263
418401254
418401260
418403578
418405277
418408136
418410075
418420812
418493604
418493606
418493609
418494965
418516829
418517828
418517839
418518773
418522109
418522803
418522806
418523792
418525527
418525531
418530836
418671295
418671300
418675493
418678994
418681743
418684454
418685549
418686529
418704283
419089727
419102189
419134796
419322810
419369422
419369426
419381797
